61 [(0, 2), (0, 58), (1, 44), (3, 57), (28, 53), (53, 58)] pancyclic
  missing: []
62 [(0, 2), (0, 59), (1, 11), (3, 58), (3, 28), (54, 59)] pancyclic
  missing: []
63 [(0, 2), (0, 60), (1, 11), (3, 59), (3, 28), (55, 60)] pancyclic
  missing: []
64 [(0, 2), (0, 61), (1, 12), (3, 60), (4, 29), (56, 61)] pancyclic
  missing: []
65 [(0, 2), (0, 58), (1, 13), (3, 59), (4, 31), (57, 60)] pancyclic
  missing: []
66 [(0, 2), (0, 59), (1, 13), (3, 60), (4, 31), (58, 61)] pancyclic
  missing: []
67 [(0, 2), (0, 60), (1, 13), (3, 61), (4, 31), (59, 62)] pancyclic
  missing: []
68 [(0, 2), (0, 61), (1, 13), (3, 62), (4, 31), (60, 63)] NOT pancyclic
  missing: [33]
57 [(0, 2), (0, 54), (1, 40), (14, 48), (40, 49), (49, 54)] pancyclic
  missing: []
58 [(0, 2), (0, 55), (1, 41), (14, 49), (41, 50), (50, 55)] pancyclic
  missing: []
59 [(0, 2), (0, 56), (1, 42), (16, 48), (42, 51), (51, 56)] pancyclic
  missing: []
60 [(0, 2), (0, 57), (1, 43), (19, 44), (43, 52), (52, 57)] pancyclic
  missing: []
