Command: python search/verify.py 67 "(0,2) (0,60) (1,13) (3,61) (4,31) (59,62)"
67 [(0, 2), (0, 60), (1, 13), (3, 61), (4, 31), (59, 62)] pancyclic [3, 4, 5, 6, 7, 8, 9, 10, 11, 12, 13, 14, 15, 16, 17, 18, 19, 20, 21, 22, 23, 24, 25, 26, 27, 28, 29, 30, 31, 32, 33, 34, 35, 36, 37, 38, 39, 40, 41, 42, 43, 44, 45, 46, 47, 48, 49, 50, 51, 52, 53, 54, 55, 56, 57, 58, 59, 60, 61, 62, 63, 64, 65, 66, 67]
Exit: 0

Command: python search/verify.py 56 "(0,2) (0,53) (1,39) (20,39) (39,48) (48,53)"
56 [(0, 2), (0, 53), (1, 39), (20, 39), (39, 48), (48, 53)] pancyclic [3, 4, 5, 6, 7, 8, 9, 10, 11, 12, 13, 14, 15, 16, 17, 18, 19, 20, 21, 22, 23, 24, 25, 26, 27, 28, 29, 30, 31, 32, 33, 34, 35, 36, 37, 38, 39, 40, 41, 42, 43, 44, 45, 46, 47, 48, 49, 50, 51, 52, 53, 54, 55, 56]
Exit: 0

Command: python search/verify.py 68 "(0,2) (0,61) (1,13) (3,62) (4,31) (60,63)"
68 [(0, 2), (0, 61), (1, 13), (3, 62), (4, 31), (60, 63)] NOT pancyclic [3, 4, 5, 6, 7, 8, 9, 10, 11, 12, 13, 14, 15, 16, 17, 18, 19, 20, 21, 22, 23, 24, 25, 26, 27, 28, 29, 30, 31, 32, 34, 35, 36, 37, 38, 39, 40, 41, 42, 43, 44, 45, 46, 47, 48, 49, 50, 51, 52, 53, 54, 55, 56, 57, 58, 59, 60, 61, 62, 63, 64, 65, 66, 67, 68]
Exit: 0 (the verifier CLI returns zero for a checked negative graph as well)
